data/1dd453af7ae392f84944e362b4dddbd6.png 68,119,266,235,0
data/1e05a5c66d573586bba382c39b2b0969.png 32,72,235,198,0
data/1eab0cbf5c9850a64a760283afd3f4ba.png 45,98,242,203,0
data/1eeb625ea2cccf1abe0a238d4298b836.png 59,111,232,219,0
data/1eefe07c058cfcb6044d8f7feab89569.png 56,124,229,244,0
data/1f3cfede5b2d4d86a796a6c41282383a.png 79,78,192,170,0
data/1f414b9b65b1bda6d0eb48628e3b7560.png 46,119,243,242,0
data/1f56583e094e645bd409ada42bce1ee8.png 119,89,281,217,0
data/1f8c19940e699577efa06e0c470814a1.png 45,100,241,238,0
data/201fd8dfc54bf39b85ccb2a01fb97f0e.png 39,88,239,181,0
data/20b500ed020a2ed9046a995c0b67bad7.png 41,120,301,270,0
data/21061916f16758d03eebbf6d3bcd4d2d.png 46,74,230,202,0
data/2114335a2250f51c4a298f0cacc3095d.png 43,115,205,239,0
data/2162150d858e14c9934fd7da17e091f9.png 37,78,189,154,0
data/21fee5a9b07a1ed7ba9c948937fb34c3.png 84,120,270,271,0
data/223e87b21845e2d6895aca5b6f0f80df.png 73,94,268,215,0
data/22c826bc5e9184b08fc84b6cccd79f9e.png 70,137,253,240,0
data/22de047824eb4ab19a2005f5312d9f85.png 41,103,263,234,0
data/23a03bfe3e6ddc5657d70de2ebb93c1a.png 26,124,190,250,0
data/23f4ec8ca6568c7747596807a965695b.png 88,109,258,246,0
data/2478c2ab08a56f385678cdb89f8392bc.png 69,83,224,175,0
data/24d96f59d498e2c7e7964f23481017b9.png 57,89,240,192,0
data/253a24a794505bd13342e29d72120780.png 109,115,298,256,0
data/253c9e8c023b74fc9dc7dcbcae2aeb5f.png 80,81,282,205,0
data/25751b27b65bc913aeceeb6eea0d1fa4.png 66,83,234,208,0
data/25bc6f41e58af45757fd8618ff7f4b26.png 100,115,299,252,0
data/25bdaa480eebcb0134cc8acd8d697df2.png 33,129,184,251,0
data/260cb160338202bbd0499950019b037f.png 45,102,241,206,0
data/261f45aa0edd3de865cc039caab162ea.png 39,89,270,204,0
data/268fbebe57a528643fe9d6aff8f5a3fb.png 59,89,242,220,0
data/269277eb037b25a1a96d1997d481c6b7.png 59,85,268,201,0
data/26e8fe5672e50518bcfc5be23e3e9d8e.png 49,91,212,160,0
data/26f1156d5e34e8e32722502c730c24c4.png 71,49,233,171,0
data/26f1fd0a268220f3fd014e208ee92bad.png 70,98,245,246,0
data/274cfe3c6460133202fd879615ea7f51.png 68,124,292,259,0
data/2840f4f0802fc80d76545da6f73373cb.png 39,94,241,216,0
data/287e9c365b33f48430a38e7eeba7f91e.png 62,67,256,196,0
data/2906e01b02694fa13432f8926a0c125e.png 52,122,244,234,0
data/29fce5d56dbc760bac1faec91dd21083.png 31,119,285,252,0
data/2a0d52ecaba9f10f5ed14186b2a3dac4.png 75,88,206,174,0
data/2a1b745d8a357427cfb492428dd35272.png 39,61,209,174,0
data/2a965bfac25527047a3297371f0d2c0a.png 59,70,177,170,0
data/2aac4d589ae3b93a1c0b67d41ae6c000.png 71,79,236,173,0
data/2ac552eaa8b6c63ee89a1aa080844e48.png 42,92,231,210,0
data/2b131d1d3942ad12935dc85d0cdb7961.png 78,97,229,185,0
data/2b7db670c1c0e9f32c029964990bf4f8.png 44,88,241,224,0
data/2b8b1f677da89a11093157fc162a4ca7.png 55,71,267,223,0
data/2c89ef592e34bce13d77dbcece6c58ef.png 40,146,234,277,0
data/2cc5f598bd67afc7cf45f96eb8fe41d6.png 65,124,302,260,0
data/2d0093fe71b5ee9434980420eb2d09c8.png 35,106,230,230,0
data/2d0f6c30f16a31a1283afe633d6f11d4.png 70,97,225,204,0
data/2e2e5376c2cff22ba96192f970209b5c.png 66,112,271,284,0
data/2e3d1f3a07cd34b322925cfbb9ea9750.png 64,95,261,232,0
data/2e6807dc812bd5118738a788d852ec91.png 65,77,255,190,0
data/2ef52e33ab0be0f0f5e349c0d4da1e56.png 55,87,242,212,0
data/2f12c6c6dea1e5f1c04e1e33199d4147.png 37,74,224,241,0
data/2f14a46876149d16178ae5c9c2cd21fd.png 65,75,242,176,0
data/2f9a8f483785cc722bd4ac8281ddfb93.png 68,79,222,199,0
data/2feb772593b57540b8a4646bdb1b9fb8.png 89,146,295,280,0
data/30852293dcd5ecc01570f6b882231ecd.png 76,125,289,241,0
data/308876a4ff23a7a0dbe5a251ec1ad882.png 75,120,240,218,0
data/31071e9d58b91abc1a783146497ea576.png 37,101,244,246,0
data/318775791184f4af6822456823609a1d.png 37,88,167,197,0
data/321b3a82bacddc8ad7532b32148233f5.png 75,91,268,221,0
data/324e12a3cf531b88526697db3bbf3f55.png 37,91,201,214,0
data/325f766dfe49693ee1bacb319e841bc6.png 45,83,222,190,0
data/33898b86755d734acf20f863d4637db9.png 81,104,257,235,0
data/33d28a1215af322f926d4d814cc239b7.png 88,115,306,270,0
data/33ecab8eeda3f938863c1b5bff3045d0.png 65,116,290,293,0
data/342cb1504652f032061c288ba1406549.png 58,80,211,181,0
data/3447cef231a764b4cb3d38be02dcfdbb.png 42,127,299,275,0
data/3464d374540f96fc6cf086013fec05cb.png 70,115,259,246,0
data/34f5f2e82bb9f95924506f1af4a5cb86.png 101,67,353,216,0
data/3585210fa291aa4ee60973ef917e791e.png 82,83,250,270,0
data/35cd4d143e204c6ed6118070b134824c.png 67,81,294,267,0
data/35fd9ddcf4d20d42da20535e7eae8c77.png 28,78,233,238,0
data/3606cc0477f9be5277155036051202d6.png 88,80,246,183,0
data/3607c49df051f55a58a609a9cf0a84d8.png 71,114,300,249,0
data/362085901b3b6d0c117ca531a224df1a.png 95,133,309,228,0
data/3627230b46aa58e8809e3d3735ea5b6a.png 102,40,284,198,0
data/36f15969de0866c102e848b5cf01da37.png 49,81,240,192,0
data/375f0d4b8f96e5727daff1f70edf6280.png 64,103,255,254,0
data/386da47fa8ebf16a627308aef6fdee54.png 72,114,269,250,0
data/390e873f0404cfdf9ef69eda2f6033c6.png 42,126,289,251,0
data/395714b9cf4d0c3837ffa8f787fb603a.png 100,74,365,231,0
data/396bcea688744ee9ee346dd1f4a4c242.png 47,90,241,202,0
data/3976e174043a87848324f2121b05d70e.png 66,109,324,290,0
data/3a0cfc296ae548b379535b26d7d02867.png 77,82,229,204,0
data/3a34b6a3b9203e7b757dd47eacc1e6a2.png 61,107,324,280,0
data/3b1c0e316e68859381330e4b18b9d109.png 73,108,269,225,0
data/3b4083425afe71e1227b260beb80e29d.png 57,113,312,283,0
data/3bb8ada7a09290a2cfbdd8f4c6ce1da2.png 63,122,271,261,0
data/3bd377e613b5874a1fdfa05182068b88.png 43,91,255,207,0
data/3c035c8ec17a6f8b2ca324b9c1ec4243.png 63,95,251,229,0
data/3c108f1a9fe003f9c3caa4595f0bfe61.png 46,111,338,287,0
data/3ca08fa89340893578b09ec0a4318204.png 45,77,196,153,0
data/3cc5a05a58bb4eed2a5d8e268d18ceff.png 100,106,362,304,0
data/3d1c77991381ed2187fd0ce4219d59f7.png 59,94,237,218,0
data/3d9916e53e4ae4fd82365d6e87dfb029.png 58,97,255,273,0
data/3dbd2695459a17cd6b522eaf18040e8b.png 78,90,251,214,0
data/3e7a1756e067bb5d9d4be6833c0aa325.png 86,136,290,252,0
data/3ee558f31c69a3791a71f56e6ef8f3df.png 78,99,299,217,0
data/3ef48b348f7fd8ada7796b328aaa91f2.png 70,96,243,213,0
data/3f6518a057b101ee2e35632173915f30.png 43,103,225,216,0
data/3fc84267cff595a10fcfd21f1fcf8680.png 59,52,245,155,0
data/406b27a2c75d1adaa0737d3cf9a82722.png 18,97,206,216,0
data/40b9acf474a0b7d8d2c067ba9b37db9e.png 87,105,263,227,0
data/40d30a4c4f12f00582d25bb834e89927.png 50,104,313,245,0
data/40fe420b2a21e6052926692e486fad7d.png 45,83,264,216,0
data/4128d0fe4c31af9f9cdc6574428c42d9.png 27,78,224,245,0
data/4157840d6f20e7699df32aa44d88920e.png 88,79,328,215,0
data/41bdd1e63b6fbad9be6ca39e1b474167.png 58,98,310,257,0
data/4260f44b3d576325fbc325f5e92a4c79.png 40,86,256,195,0
data/428694049d5058d7f1a41f5a2bfe71c6.png 92,76,244,171,0
data/42af0a2b57a723c9aec7fda051d3d397.png 114,62,246,182,0
data/42df7b1f35163f080153ca273348ae25.png 51,100,238,192,0
data/42e19a0e42c523cc59becb5318b42911.png 73,92,313,252,0
data/4311bfc8c6962c1cd83301d2375aaedf.png 89,76,270,199,0
data/43890c9d3fce8a08f0b541ec28f8978c.png 56,76,328,264,0
data/439fc7ba345a74e5893e04bed2ed9939.png 82,132,286,222,0
data/43d0672fa0c9e53d6391b982f0808961.png 71,103,279,209,0
data/43dd132426100854b54f91a642f12317.png 23,97,284,225,0
data/43e40cd37191ae13271f23f241b4770c.png 64,55,206,150,0
data/43fcf480ada710e98e914412bae1c833.png 31,96,223,222,0
data/442105fdb12f914e1bc5f3484914f6ff.png 56,127,240,223,0
data/4442809fa4bb75069f507c63c8b2b9dc.png 75,83,260,210,0
data/44890b7cde18453575afd737d833db30.png 83,106,273,216,0
data/448be3f43d6c8ced4b0cb8180c4b3590.png 64,105,373,278,0
data/44b7fcd1e1e01a419abf8b0d9250f560.png 24,73,206,186,0
data/44cf36356528fb8520eb6ac6c4656367.png 61,68,256,213,0
data/4610f7a2c67fbe103070a0e6f761d190.png 62,49,188,156,0
data/4643ba8fc8c6b8cbb41aa917cced4a49.png 100,92,303,210,0
data/4656de7063458f644705598946413578.png 74,110,254,286,0
data/46df1c3a36523cbe39365d0c971915d9.png 63,93,249,178,0
data/470774f1e6ba32ca6a8e398f9209af0b.png 56,92,246,194,0
data/47204c5e67bbcaa7f2ac103ef39b6a64.png 43,92,188,192,0
data/476958e5c737f95921b8a53709db426a.png 60,98,304,273,0
data/476ff2cc2076f9cc3b1b36dc5d51d832.png 33,79,221,207,0
data/47891a0af5038f82f07a882ae4ac9765.png 52,128,228,253,0
data/478c2348a8cd1ced0da8ebf0235b5d30.png 59,87,184,151,0
data/47a16c19a76c2e6f514bcaf275358647.png 75,92,231,176,0
data/48af39cb2330335057a232ccdef6a761.png 85,69,252,199,0
data/48b8aedaa86a1567b05b78af66aa0590.png 33,86,228,215,0
data/48d915dd9cbbf852c6f68a2b546dc72e.png 84,111,319,296,0
data/4911df12b1e6fc6802bd232ac404900f.png 38,120,215,236,0
data/49131cb300f28bcaf616ab2f36d20cf8.png 75,93,293,236,0
data/494bf90513df97216b4698c2bdeb9889.png 53,98,173,188,0
data/4a1185ebd458f1c96b100622827ae90f.png 68,49,228,183,0
data/4a38aed9b7453f695b3ea3ef7bee5538.png 49,66,237,214,0
data/4b2009ea1c543dced15af73f43bc4125.png 38,82,189,164,0
data/4b2c4c83b45484a7fc04eb8e864a09bb.png 72,113,270,241,0
data/4b4bcf6d17c7caddb8dc307e1fc7f9cf.png 95,90,326,272,0
data/4b5fcb62b6de153bb41739217bdc3cfc.png 50,95,316,247,0
data/4c2eb0cb2740cd5a7e46f6f148f3be09.png 99,58,277,219,0
data/4d702f1672464e89368053fe4ae7ea48.png 78,64,313,198,0
data/4dd61e2ac8c1ad85e7231aee311e4f44.png 66,96,242,217,0
data/4eb715fd6853c85339799b6a5ae09845.png 63,70,270,204,0
data/4edc85e1c821fb479277eea4f17f2a0e.png 76,137,316,259,0
data/4f105e8c46d0d0984a04bb5553ce3eb0.png 70,53,234,183,0
data/4f122edb0190b8487159fe705e93213d.png 73,92,283,219,0
data/4f2f054a5a814e435294c1336fab481c.png 40,109,253,242,0
data/4f2f9da11a76d4762735c07239ccc344.png 68,64,278,210,0
data/4f863bccba65564751be1151c62f2733.png 58,79,236,190,0
data/4fa1d4d51f683995aaca690d6840a87e.png 92,71,263,194,0
data/4fee16447c4808dbce725add11f9fd1d.png 94,107,246,229,0
data/500d78a77a08af4669fb7bfb02796a32.png 48,72,248,216,0
data/50316477be3662a38d3efde2f8d3858b.png 50,101,274,205,0
data/50325bd7060719f3dddc16e69f2dbf9c.png 81,79,273,209,0
data/5036aaa184dce3c370e5bcb9251d0d79.png 52,70,288,220,0
data/50465eb95eba1e7437520640cb9cee4a.png 107,107,346,240,0
data/50823897c8a4e41980fb0f6e95714a7d.png 39,87,237,233,0
data/509630f6765975b8254ac3448308c730.png 71,130,282,260,0
data/509b7775ecdbb1d7ac313ac731207a0b.png 48,70,258,200,0
data/50a276633f5b87da10a041e8eeb9aeb0.png 61,81,287,188,0
data/50ab8e4d6dd5be9c7f8c177047b4cedf.png 60,97,241,198,0
data/51009a333141651fd82582c71be50b94.png 56,73,267,192,0
data/513f631a672867bab4b6678ec052eb39.png 75,109,266,224,0
data/51c4c617091457b5d5f693338c21ac12.png 70,75,342,277,0
data/525f58f9c2bcafaacac47791b0a0a596.png 71,109,258,250,0
data/52ec271226fe5c25c04c5cfeb4e97446.png 49,149,294,285,0
data/531b0483dc49a2f903ddae1abc1e9844.png 103,94,361,275,0
data/536a7c2d3464eaa1abf87ff5b75c91c9.png 74,124,258,236,0
data/53c8d34611fcc015ff3218b680be4bd6.png 94,99,300,274,0
data/53fb32b53b5f69dead99ca2ddeb34197.png 73,61,297,235,0
data/545a71aa6624a8c1c143bea1cac87bd9.png 26,89,211,211,0
data/545f10009a7c2308a89e426a95760c8b.png 67,92,198,201,0
data/54d0aef3b73742b3e2004744e363d387.png 68,128,316,310,0
data/554c2ce9003ee7841d4ea82fef4e6a10.png 46,78,244,201,0
data/55a62e5938d2d789e413328a70ebc215.png 70,86,264,233,0
data/55a810886da589f5d87bc8e9cce49cb7.png 50,90,201,177,0
data/56105c017550ad81fd4ba5fd7b701234.png 69,76,334,252,0
data/5641118df3a699b4188ee85f578cc47a.png 65,86,310,261,0
data/56e035664da91775368e88198c30d457.png 88,87,304,209,0
data/575ef2ac0455e039d0fa131fafc9e884.png 47,82,239,218,0
data/57bc2461b51a108c5a1631f8f879a342.png 61,121,246,244,0
data/57fa8b3974661d206bde073d5c1990a9.png 75,90,285,242,0
data/5831db79ef3e5e900bd214648acc7554.png 136,86,373,224,0
data/583b2a50d381a63792ab81731af3adf6.png 34,60,241,205,0
data/5870a6e800be16e6db40071845f84165.png 97,71,363,234,0
data/58947c050495155d0deda5350ba3ec9a.png 98,76,279,204,0
data/58b4966aef59cf4d2c8a068d82ba5aea.png 68,116,290,266,0
data/5920a433e5a293bdb6256548dc40b1d1.png 36,55,216,174,0
data/59baef69e4cf41646ecd99684366e698.png 51,79,193,169,0
data/59d038d3df4f44f0a2245ed01b084f97.png 40,114,251,247,0
data/59d980d64b05ca32e11d92e1085c404e.png 109,45,367,205,0
data/5a074016a85862379c39303bb9534070.png 84,88,310,222,0
data/5a1d5663779ab184eb5c0c111bc42953.png 73,89,296,265,0
data/5a4d48345aa0a0c56f06a9bc11d41465.png 40,80,189,156,0
data/5a8364e1d0098cdfc22609c7e487ef77.png 62,113,335,276,0
data/5a8644448ba104ebc482bbed72854205.png 66,120,284,262,0
data/5aae96483b976fc7e6933a82009fd79a.png 38,62,249,197,0
data/5afdf85edc669b66e82d2bb8d47281c5.png 97,76,299,210,0
data/5b1d1fd097b21c5ccf60df68ce408a3d.png 60,89,233,210,0
data/5b3ad69ab4e0fc796c75906866d0e0be.png 52,73,269,227,0
data/5c009402ed94a6182e90805c17228ec2.png 19,98,238,242,0
data/5cd7aaa3a38b588f5552c1c7440c86fd.png 53,126,315,278,0
data/5cf2409a24fdb0a631d074b37fa1ff63.png 24,114,285,270,0
data/5d692d62e21b8f89bfdb8b5b64d47c2f.png 100,68,312,224,0
data/5dd555e89148cf8d22a15b9ae0f81472.png 76,84,207,188,0
data/5de354bf5c380d32547f0235bfb268f5.png 55,97,247,235,0
data/5e9354e5b43464796b978e503fed03e0.png 59,80,249,220,0
data/5ea54fc0de839c8b90b59b95d625c410.png 68,100,295,228,0
data/5eae0d575115dd062a838ee9e85c8d09.png 60,113,326,260,0
data/5f3ce5ded6c5d7d29cb391557e5504a0.png 67,79,280,217,0
data/5f64d627f48c76646d08d32291c09ea0.png 48,72,167,157,0
data/5f696f4d7e8644e6857e913bde1f9ec7.png 41,85,212,175,0
data/5f968035d4ceee55f51ebc99ab08aee6.png 62,102,244,266,0
data/5fa345e52ce289c82a51405301175359.png 61,105,226,249,0
data/5fd8656f0f8c7e30f546d6f70eccbd76.png 65,98,265,265,0
data/5fdb1c9c261cbb4ef93ef3ed10945e4c.png 51,100,222,240,0
data/602025d0632f753c52095fe28b36398a.png 40,91,178,186,0
data/605594b5aaac3d52f2623aa592ab8bd1.png 54,83,244,222,0
data/607c740d4063e317351ce6232a6d8e06.png 80,108,263,257,0
data/60b31c172469005dd7a8a2c7349ad15d.png 60,97,272,211,0
data/6146c9e262eabfc846f76081800b5155.png 62,97,257,220,0
data/6153d1b6345e2121e04f526b87d6dc8f.png 62,128,300,286,0
data/62570e62c35a771d4014d5b8aa3999de.png 71,107,237,246,0
data/62f93c07a4fd92e154be1e1d08092d93.png 103,56,361,256,0
data/635bfa98420f4a369cc8cb370361d931.png 37,105,240,214,0
data/63dcc0708a03244c76e0792fa0c1f566.png 68,109,265,245,0
data/63f70bbfa166a3e0882425b1359c3bbf.png 43,105,239,229,0
data/642ed1d096165070d487ef961f02876a.png 128,63,364,222,0
data/64629477e57fc8375be301565546d18d.png 78,152,279,249,0
data/6472fb399e36de2d7df00000e00e5a67.png 60,58,238,181,0
data/647b94bd1634e55ba89bd7781a6aeffc.png 93,62,334,188,0
data/64f9ca18befa176665dd215860b00491.png 64,92,225,213,0
data/65d1d6070e82723584a930551646361f.png 78,106,253,251,0
data/65e629df3c7b91aeb6234998a77b48a6.png 41,88,244,213,0
data/65f5422ef7e10895c16fe1d979e935cd.png 114,124,303,263,0
data/6601b62b124ca650e2c8d90a7558d4cf.png 71,86,240,212,0
data/6605a4824d7b66049699b6c7d405b447.png 26,101,231,243,0
data/66175a674ff075d3feb953e6f93bf1bd.png 56,109,276,264,0
data/6659f5ca1c178f934e0382a3d4580946.png 86,91,233,206,0
data/6689ce1cd324c68734177b7c512e76c0.png 44,110,232,255,0
data/66dc7cd99895ba61b4f5da5a5d8b51bb.png 70,115,280,259,0
data/6745d1f60f8e104ffd4c64af9de6c190.png 58,117,276,249,0
data/6758205410d897be87431163cf83e3b3.png 53,98,268,235,0
data/6839aaa21d7eada4816a5df9c579862d.png 84,84,302,232,0
data/686b100d913945a97706a687fbfb88d5.png 50,86,255,240,0
data/68700d203ade1383285d29f885ec5679.png 88,125,292,247,0
data/68ce2942339db43ec8afa25042a85346.png 82,70,319,202,0
data/68e17299a1729516c183f026087ade42.png 64,112,312,278,0
data/68ec01da1baeb77a5974c585ef6417c5.png 76,95,265,240,0
data/68fbbaaf20c6aae8d34112c490945f89.png 61,102,225,225,0
data/69164211703ddc00f50e3fee403ca480.png 35,75,226,215,0
data/69e44dfc1f92093d605f60a705e3b231.png 33,98,257,245,0
data/69f406c34a494fb9ab2235a748f4b9dc.png 68,93,246,222,0
data/6a50a745e11070ae04d8b5583b082852.png 61,96,282,239,0
data/6a6f258274b08dc8c330e7ec34665689.png 39,77,281,199,0
data/6aaead7d74f72f065419e95f7487c547.png 42,100,187,170,0
data/6ab34d387e275ff34046652eb72431eb.png 37,83,275,210,0
data/6b1e5f103619212992e8012761669a51.png 28,148,263,292,0
data/6b89bada4297e3d82cad593fcc70ba5d.png 23,72,248,192,0
data/6c40de974cf7b271feb6107051b0dc13.png 109,49,370,201,0
data/6c5437a17a17cfaf135589f8545691a6.png 74,115,278,226,0
data/6c5f6140c2748c5c4d417078c981b64e.png 76,102,308,245,0
data/6caed22be765735975851305e1373fed.png 81,112,263,249,0
data/6cfaabaa15e6ed161e789b1183850e9d.png 53,116,310,296,0
data/6cfcbc8614dffab1381c2d16225c4846.png 48,74,288,219,0
data/6d3ec3f62df3318c668e5928d50c3dab.png 56,77,249,208,0
data/6d8317d2245fabfd4267c4c5443e9999.png 45,66,190,157,0
data/6d87b01f25d4c0b2fa7b842ef3241dff.png 45,105,318,272,0
data/6dc3dd7b78aba842cb4e7cf25670d2e5.png 76,94,305,247,0
data/6dd08ea94b62af53627d967fec29ec3d.png 69,141,286,252,0
data/6e136f2d885b733fb3b3da73f52134a9.png 41,67,164,166,0
data/6e26ca35c67dfe70c864a541cca68af9.png 35,114,249,227,0
data/6e3b403bfe61ad7e072b5fbc7cd52c63.png 92,108,355,274,0
data/6e5d83fd927593e1972e1a9b9944974f.png 46,67,198,185,0
data/6e82c21cca8107ec095154f08ae44e91.png 62,96,338,257,0
data/6e96a87d752e6e59ecd12cf0a2ae3448.png 45,119,209,202,0
data/6ed3b6940bc8a6eb7a199af7cf05e56e.png 83,98,271,228,0
data/6f17843034baefbfc0a0fb1ebb459288.png 45,94,235,237,0
data/6f3945c9961fcde04035e5ff4d7cf0f2.png 43,107,230,238,0
data/6f7ede629a85b673a0e1c6c86505cb1e.png 32,94,186,188,0
data/6f8f134d880e3b012dc9984738423796.png 52,99,345,263,0
data/7034db1ea5db9319875303bf7e3e62cb.png 104,97,353,246,0
data/7044ce6efd340197fcad9d64a157fd52.png 51,117,236,231,0
data/7071779ca3e7601a8df73d1078c1bc98.png 99,82,328,251,0
data/707630f6cee6a19634b7cc83231a9296.png 46,92,247,223,0
data/71321192603408bf9e4f4bce03fb3694.png 78,64,256,224,0
data/717b390ab773a6558499efd66a1acbd8.png 69,96,261,225,0
data/71b36c8612c0c303852f05da14f6a151.png 40,93,233,214,0
data/71e1647488041ac6fb56b00e57233811.png 83,48,246,177,0
data/71f486e9088dea8f64e816e23f10f93c.png 44,81,309,242,0
data/71f912694e4a9d51e231b1dcfcc61f7b.png 85,93,300,214,0
data/72664bd90ce8657a3508e43d21a576b7.png 72,98,284,224,0
data/7283e01dc6bd52626859028766e7fc61.png 86,80,279,187,0
data/728b48af340ad5068989c8eb6c1474af.png 87,93,287,234,0
data/72a6f43eb1d4fb5ff240d6508162d164.png 113,97,313,197,0
data/730d5c9972ee5ea12fcf5d03597e2894.png 45,118,274,284,0
data/734cec6b996ff250e9720b1a045a2fc7.png 30,86,219,215,0
data/7354500b91c0867302d386e10ebf748e.png 39,115,307,261,0
data/7447af0f1860cdbf8b9043f8047769dd.png 86,120,316,262,0
data/74496d0cf00884b67155401e902e47e0.png 58,90,249,208,0
data/748ca2542341968f073fc71141ebe2fd.png 65,89,311,244,0
data/748dda99fe6e93adb6a639739dcc0c32.png 54,115,255,212,0
data/74c539bc835d5d35170b0c2cd1df0710.png 70,115,263,219,0
data/74f5284682323cb8198e1e5e63325ef6.png 96,124,287,263,0
data/75683121f7a6a1342fffcef6bcbbbbfe.png 111,86,292,221,0
data/757605b8a684a2261d8384619665401a.png 44,85,189,155,0
data/759616317a91fd9aa9f25f6de491281d.png 38,67,240,180,0
data/75b12447886652a5c521a1bc60d6df5e.png 38,64,165,148,0
data/75b76cad1335b3d8ef06723389590b25.png 45,103,241,218,0
data/75c79a45f6be38b427d8bfda996f8946.png 88,81,269,219,0
data/75d0c77246ac2d363972705722e7494c.png 74,109,272,243,0
data/75e392df59f91cea4814b88b0dff1da2.png 88,61,231,164,0
data/76025171bbdf63dc5ab3b35196ce2124.png 90,114,316,253,0
data/7606b930569d314273fda6e3a47e60c9.png 63,84,244,222,0
data/763888483fbd3166f823f952f3732561.png 50,117,222,238,0
data/763d60d779a8d7541a98367e2f8fc227.png 72,96,326,263,0
data/76b3b4cb822c2226f2603193af310917.png 32,72,221,199,0
data/770a11278289a8caa24f83f2fa9b6652.png 51,138,309,310,0
data/7829ae6c0a3609b5de24feaf69a54af6.png 65,129,312,278,0
data/78742eb3a4dd8e720fcaa8d8ad0b6e7f.png 46,97,310,289,0
data/78c10dfacb3060db6a3f3007a41d303b.png 71,90,259,207,0
data/79145ad00b86983422cf1d3f6f32fa02.png 21,71,241,208,0
data/7959caa04d31344eb79acd3a39a35304.png 68,85,260,218,0
data/7a2989f82ed797db8b732ad5eb83c8c7.png 82,35,246,170,0
data/7a34d3cdb2ec050659130a60f7f4247f.png 59,113,255,232,0
data/7a574dbbd85a53cdcb163c217c671d0c.png 49,69,246,191,0
data/7a69ab0c193d08c8586960bcbefa1e1c.png 79,75,328,263,0
data/7a7e62301c14dc608b2ddb75fde66a7b.png 99,88,283,224,0
data/7b42f00e3e6f955e5c4d00ba5b0a2eea.png 56,101,337,255,0
data/7b5baca0a9ff12c541b1654ace285feb.png 38,142,270,275,0
data/7bc7b339023f4499119740305ab0ef1c.png 45,75,296,222,0
data/7c3b14edf9883b88ec71ebef3a2e2183.png 32,96,246,224,0
data/7c5fc2f036c54e710a6c338fa7aa8de4.png 54,77,251,256,0
data/7d0be9d395a5e4d3def71da691a44e48.png 53,118,320,283,0
data/7d8fb570a1b37666e08c39dd7ca8e0b0.png 39,111,265,229,0
data/7db271bfafa6b6be63a98929c2c2be66.png 30,58,180,171,0
data/7e17fe45f5e52fa7ab0adea06b3f6f8c.png 73,153,302,322,0
data/7e4416cfe3a6cb00bafb7a585396f82d.png 108,90,333,222,0
data/7e4be8d791a33d091feef810d638da03.png 65,99,326,246,0
data/7eb73190fafa6efd7edb5e8a0e1a3df7.png 52,135,276,280,0
data/7ec65f53e11a923989580caf98b39a95.png 43,109,251,227,0
data/7f5f7486afd8d4cf718817da0c251f76.png 75,99,283,212,0
data/7f8b35aa57b06f175505297045108190.png 99,121,310,264,0
data/7fc2f26dfb8c7b5953df5559c179efa7.png 26,111,213,233,0
data/7fd99160c13ffa06a1e74e572ca1cd68.png 39,118,348,308,0
data/7fef6fbae339e7dfac93835f7f4337be.png 77,96,212,160,0
data/7ff72a9c9e953d70b0d02c784f4e93c9.png 35,74,235,198,0
data/80d034ebc96902ba2db5a7e6dfc90298.png 26,86,194,176,0
data/80e187d1e38561323bc97dfac2b046ed.png 67,98,258,216,0
data/810713aad27b9f73373c2b081544d6c7.png 68,81,274,210,0
data/8143b7aa3aabe9bb9883736b57f82f8b.png 43,129,248,233,0
data/81703e660e734ecd490bf030061a7419.png 97,92,272,195,0
data/81720de968f993c40b4f9db33ab852e8.png 65,58,244,170,0
data/819534a485e38d315647242c085ef565.png 103,82,297,199,0
data/81fb12acec6c847ae32c96261ea02324.png 56,131,277,269,0
data/826c81bbac453d5b525c0e2f131c822d.png 65,92,223,215,0
data/827b914c55c4c0abfbc55b084d7ac227.png 60,74,261,222,0
data/8304bfc871994775b226e4d452aa2d65.png 52,89,212,202,0
data/833c37101f3a11121a6fb8a6a9176f01.png 63,82,244,202,0
data/8381ee3d2f4ed040f4c124a80db18130.png 55,110,325,254,0
data/83d6ffc29f8ba67c4667764588a1a580.png 44,113,275,230,0
data/841033be4168defabd9e4b8bbd4b9e7f.png 53,62,258,237,0
data/8447404270c7bda525bc38cae16010e5.png 105,89,290,224,0
data/84b4e71bfe329cc88fc99fc9b931a833.png 31,91,236,229,0
data/84fb9bb7f557f36b0df33600b6edcba7.png 54,54,214,212,0
data/8576487abcdb602d19095b19c7833ce4.png 57,81,326,272,0
data/85e664c7eec5c9381c0d96cf278b798b.png 84,121,240,239,0
data/85e69a1829cf8024a1267c9b30283c11.png 52,107,214,229,0
data/8619d05c66a20fd59c4042d24d26abf1.png 29,144,246,271,0
data/86742f1a258efa33e29a958b73395e22.png 53,93,302,255,0
data/867f3f9459a231b0ffac1fefc46e6c24.png 79,113,341,302,0
data/868a85333288bd692d7513817b7e3b64.png 63,86,219,198,0
data/86bdc9af1f90516d75571b23ddea15bc.png 33,111,289,261,0
data/86ef0157c3d3dcf99d23fb33c9b19862.png 47,91,250,249,0
data/8772c5961c1e7ab389d441b395941de7.png 50,74,169,151,0
data/878cb4e508cd5b082cccc8e993309dd3.png 65,95,268,194,0
data/88057cd80d646aa7c813b52e827933d3.png 92,102,338,290,0
data/88101c1797e348b2dfe6a11e26bd7601.png 32,98,184,217,0
data/885d70070c6e4722025a6c504ac28465.png 52,91,232,220,0
data/88601a5948ae406c5153ed21b4cdbb64.png 89,66,274,200,0
data/88a5b612baa122cdba27561f6e1fbc0a.png 82,91,296,200,0
data/8928a0745adc40b091061dbb69bb0657.png 59,104,271,231,0
data/8935d5dc5ed3d985c653f5e6f19b783b.png 77,101,286,232,0
data/895255f1c5ed91972613688c89868cb6.png 84,85,279,196,0
data/89fe4f7d8ccfd57f21813dcf1693e49a.png 47,134,256,258,0
data/8a55070b8f72618a49078517454ffdcb.png 41,77,234,202,0
data/8afd85884852f113f38937c9982302c9.png 61,112,261,221,0
data/8b1905603fcf9dba26352bc5c8ee9b55.png 58,108,244,255,0
data/8b43b40e43f394fe204978071c4d58cf.png 45,69,172,171,0
data/8b9e8dad8b8814bbd459c444bfa64b48.png 78,45,338,191,0
data/8bbcc17ce5adfb2b622de79e1dbfb893.png 111,107,261,241,0
data/8bdb86841b21d7f4098cc0f2d805508e.png 58,106,205,206,0
data/8c2ba3c94d844d3797eef58780f61c4a.png 49,104,215,192,0
data/8c2fb361f81445a81bb529db2faaacf3.png 62,94,272,220,0
data/8c64c5dfd6344af2533c584e382cdd0a.png 97,90,274,208,0
data/8cc749a20ea2900237ea84356f292fda.png 40,117,225,243,0
data/8d3c5a0d2efb81306082d4d9a042675f.png 75,140,272,245,0
data/8d3ccddf742f8d085770066ceb528b63.png 44,96,209,199,0
data/8d6cfe773f683b4ce26a5409af4b1741.png 34,102,227,210,0
data/8d8fadf528b0ab646b11878d7f5c61cb.png 59,45,232,173,0
data/8dc68a996da2f4c9d0336bb507564892.png 60,125,261,232,0
data/8deff13324cb346f86fa724f85b289e0.png 67,95,250,215,0
data/8e03d36656f269d7b1fec9067d97c49a.png 41,73,183,177,0
data/8e33feeef4823ff666953e49608d56c9.png 98,113,328,257,0
data/8ea32673cb43ae28a925f9ee1d070a1b.png 29,102,191,177,0
data/8f6177c8a5a4614f35e96d741d965e9e.png 14,87,198,213,0
data/8f61f73a481e6fdb90ecfe7c0135b846.png 108,103,264,227,0
data/8f885b3f9a3f60fcdcfb4b4fcc05627d.png 67,88,269,199,0
data/8fa679a865b52e66308bdbfa0dcb6cb1.png 35,96,236,215,0
data/8fcc55b5ac41874ff584b6077405256c.png 26,85,183,197,0
data/8fd7b3653fdcb7d8e58bb1662ae599aa.png 73,129,299,259,0
data/9012bc15059e160a441c9b3d8b86e8b5.png 43,82,187,157,0
data/901b378a42cfea8ba356ad4662b0c0b7.png 41,97,273,237,0
data/903ca52e3adec2dbb74d095a78a4e414.png 55,101,261,251,0
data/90482041e47f4d6ac05ca50a8bd025a5.png 41,117,230,269,0
data/90613cc189f0f971fda25f06c0c9592d.png 68,112,273,236,0
data/90b613611f4c612d9911bd3833241067.png 64,114,304,253,0
data/90fcba7cf9acb002566e4df929e34fe8.png 51,85,224,176,0
data/9106b575c32952af41b61a5e795d8abc.png 42,93,250,250,0
data/912f1038a2f9f1ded83253c95efa61ac.png 51,75,260,215,0
data/91898b3bfa6103b0c78176125ef495ea.png 88,97,373,252,0
data/919e96722a71009bed70692be0820ba6.png 60,75,232,224,0
data/91ac8c9433260792c37fef4259291841.png 73,106,290,234,0
data/91bbb9d3241b0cc75964713c55b34d6b.png 78,104,339,252,0
data/921fb2921eab19d173b6f2104e655901.png 87,106,259,233,0
data/9229ac74de68392d47543a5695fae351.png 80,87,255,219,0
data/924da7eec7bc6c227a22fe3dd07b302b.png 69,119,288,268,0
data/92a270d1ea2df9d205cbce7c5ef1e48e.png 49,130,309,271,0
data/92c9a63368781e05995cf424818501d3.png 86,66,267,176,0
data/92daff6a02db1fbed3a098f18759f5b2.png 33,146,308,280,0
data/92ef9271330bfb20e56d3c7cd6c285f2.png 45,72,239,189,0
data/92f662f312982458319fcf9010541392.png 60,74,216,169,0
data/933cc2788f7c63c24399e85318535f92.png 46,62,244,170,0
data/935216a047d67bb4f288558b0d569811.png 50,102,265,243,0
data/9378396047d7f32640f4143d493a5c17.png 67,98,237,220,0
data/939d269bddb82c411d2c296a6beb02ad.png 72,66,315,180,0
data/93a322aae0256f1ebd08e08153228c08.png 43,112,249,231,0
data/93c5e8098d3736cbe16d54f807a08dc1.png 57,118,322,248,0
data/95315449f77d4006d240604a0f89bf51.png 59,93,346,281,0
data/9569d535780b2f6927ac57d245e239b4.png 82,53,228,171,0
data/95bbc8dc2ee44a653b8768e872b4f808.png 86,77,279,219,0
data/961bff24e8036f75e8ececc1ec8d2662.png 51,102,213,205,0
data/9631f973113071e83eeaa0996f597646.png 110,77,363,243,0
data/96330a99211a2c2f6670b9fc5684046a.png 75,71,339,214,0
data/967788656a22608e039f8e1994ad8814.png 66,119,263,236,0
data/96889fe22e37c2bed524a0c20e4895cd.png 30,91,214,192,0
data/96bb420be087349d60a13ad64181a6cb.png 49,93,224,259,0
data/974ec24dc48d4337ba15707107a93958.png 88,104,282,272,0
data/9778a8403452162f8207cd1f24c7b9f4.png 98,102,294,235,0
data/97e07dc5f55b8fd9d7af29c84275b6b0.png 100,99,317,245,0
data/984c00d4a826cd43987e5abab5789a64.png 72,76,268,190,0
data/98607983c1681086a8569aaddac953e9.png 95,85,220,200,0
data/987a739b7f64dcfcf6138a0c725c889a.png 40,52,261,173,0
data/98a3410eb998fa30d304a853d62db1a2.png 39,114,274,234,0
data/98c0bf6cb28059eeacfbea455207c130.png 63,105,317,240,0
data/98c57ff1a007526f30687d62c6ecfb1f.png 92,124,301,243,0
data/991abd58a4578627a8a24526293c27cf.png 120,86,280,241,0
data/9920d2111081eea1ce2e99ff0f53a662.png 57,118,243,230,0
data/9a41c7a46a6ec7fe8841358bcd6d2c1b.png 82,94,317,209,0
data/9a622801f56e1a92d1d916fa374b5da8.png 61,65,238,162,0
data/9a8377e02b9f955e45532b9bb0dc8151.png 41,59,269,206,0
data/9a8a6e9eb1a1699993949901e68fa984.png 56,87,269,219,0
data/9b3a210c1046d6970c830d6b4ff3048b.png 81,76,301,202,0
data/9b413a8b36121fdb3b271cb648ccbdb3.png 62,95,307,252,0
data/9b4c86441f33b1e08deb75a09c9f3df8.png 70,91,249,188,0
data/9c15eac88c0a6099112573a748b870d9.png 52,88,251,212,0
data/9c1b28285fdabd4754afc7465ed9d2da.png 43,88,182,168,0
data/9c1c359c6513e330bd10719d62392d7f.png 34,113,313,286,0
data/9c5758b09fe096efffc83c791c5e350c.png 26,112,231,237,0
data/9cb69d43167d92e78cec6486babf993e.png 100,86,295,207,0
data/9cc31b0605a1d6e1673dec82cd5469d8.png 61,99,227,241,0
data/9d224fa98428af54b36be945c6471a2f.png 61,82,188,182,0
data/9d7511a4c0353c1a2c4652bcdeb7e214.png 80,113,285,238,0
data/9d8be34a358228014867cfcffd44ce87.png 52,59,245,192,0
data/9db6e1f85eba8b4b6752d4ebbb75cac5.png 74,83,319,240,0
data/9dc4c4945ca0391123694a40d91b20c2.png 39,57,229,182,0
data/9dfca2eb6148eba4b1d86222c4a05791.png 77,55,277,207,0
data/9e0d84f7452621d22a7bdff543882d27.png 71,89,250,194,0
data/9e3c101dcf1d940d94bf7ba33ff152dd.png 84,120,288,235,0
data/9e5af8bf69ff5c4c5b8247d8e33ff65d.png 65,137,282,265,0
data/9e6a208906bd77d0a92198a75d193ce6.png 31,91,233,214,0
data/9ea5ae36e2353b1f8d22a0aa5f5f538f.png 43,90,269,191,0
data/9f4f5e80e45b4b9cf743799d5f6c122e.png 23,81,166,166,0
data/9faaadf71eaf35b7303adbb87371f2ad.png 46,92,229,198,0
data/a001462890a056537b871680e786a732.png 65,104,242,240,0
data/a0ee14b82dc08a0d1d2be5392c38f107.png 68,81,262,225,0
data/a1aaea76f395248a2eff7bacaa2d8c9e.png 88,92,299,214,0
data/a226e9c00c3bf7ddb4d3209ceee33137.png 48,66,233,165,0
data/a2b3e692f6f007657ca7dce3108402e4.png 33,64,259,198,0
data/a2d9e928a5f47ef61842c17ee0b8fa27d.png 47,83,195,163,0
data/a301dded8a62abd136a6570478ec309b.png 61,110,207,208,0
data/a34d8de4897bbf0e8c8236b1a0bdfe2d.png 69,46,282,177,0
data/a3952883db4de86f9688b871ed7aa879.png 50,87,255,180,0
data/a400efa102de597f290a08b7cf0da81f.png 39,136,267,298,0
data/a40e8df480aa92daed9deea79411b325.png 55,103,315,256,0
data/a42d53a41465463713aab389c8b0e447.png 105,103,269,254,0
data/a45e812ef0a8525340d99fc57b0dc22d.png 64,116,257,221,0
data/a47d19013bf735471d6388c84bfef6c2.png 60,102,247,195,0
data/a48b3538e7c3f62503cd0ebc2f86d080.png 51,75,270,209,0
data/a49fd4e7e25b9d56ec46c14417e8b17b.png 48,106,251,234,0
data/a4bad764d3a490f1e559e5eee34a9cf0.png 86,93,338,238,0
data/a4f8403e19e1138a46acd45a02e337bd.png 60,97,275,223,0
data/a52e3df0ae239777e635432f78ed071e.png 57,66,291,219,0
data/a52eb34196a39cd20853f845138c1d5f.png 62,83,246,208,0
data/a56af0815870459210f8db770d251937.png 55,96,301,249,0
data/a56b9a72132e3cf4dfa146bb6dc39198.png 58,59,270,204,0
data/a572f75e51d18f79957bb4e06c317a4e.png 95,137,293,256,0
data/a584dfc17656370cd5b2799a15e8f573.png 69,83,277,222,0
data/a585d20ca035bfdea4ba3d2b837cc29f.png 96,100,275,235,0
data/a5fb5310909ba33133565e08177b75a2.png 66,110,245,248,0
data/a665e9398a35ce80147ea82782622704.png 84,81,343,230,0
data/a6925fb32d41b4992a048bffc2ebd4fa.png 50,108,263,235,0
data/a6ba6ac040bcb97f8c74e6b72d03020e.png 42,59,229,184,0
data/a6bb8ac16901f9214cabcd5a9865b669.png 66,109,262,216,0
data/a6bedb60e37ac0901d752a0a035ca727.png 72,50,313,207,0
data/a6f83e7f23cc7cc103a1e48c83cd12cd.png 101,92,285,217,0
data/a7277a024de3d4e53209a8de8f5b14ad.png 90,90,286,241,0
data/a757cde364509c1453c3b26bf9ab431b.png 37,118,238,248,0
data/a7bf3fa302e8e353f935f6843ba0f7c1.png 52,96,247,217,0
data/a7dff4681f0518ae036a473cec1c0333.png 90,99,292,262,0
data/a836c416bfc2db4497996859e81fbfe4.png 80,156,294,271,0
data/a84015479cb4d16e7b6e933f659d7dda.png 58,95,228,194,0
data/a84a3977d2632b8904368fadf312011a.png 48,80,207,182,0
data/a87cd19eea396d830b8f105fb12a8031.png 28,110,242,244,0
data/a8b371701a9e68a24fdb4def2b0fbafe.png 47,91,243,221,0
data/a8d403a2f0e51d6846bd10e96677ae72.png 70,77,270,230,0
data/a908b9fd92e7aacc04093d6aa1be421a.png 68,81,216,207,0
data/a95714a64dff75f83715efe3a094487d.png 62,65,248,170,0
data/a95a4852a0a65b7a99db44b79f4cd558.png 80,130,279,267,0
data/a9fa700b20c2c1d9c7672a231f3075d7.png 109,73,249,213,0
data/aa60ccfcb1693db273423a77d6f085c3.png 39,125,216,198,0
data/aa683870e23220c6d28b86b7139aa454.png 99,120,292,243,0
data/aa7626a2ab3821bf2901769c147a2a0a.png 50,89,259,215,0
data/aa912c54b761e64640e6c9fcddffcc99.png 58,84,230,151,0
data/aad7a19676c382f15489fc1591ad026d.png 75,131,290,262,0
data/abb3a750c4b02d78bfac9333abeac181.png 45,108,239,231,0
data/abcc21a1724df2a020270956e676949c.png 58,63,280,199,0
data/ac3903b62d7e93c112e163e6dd1d1dcc.png 51,120,359,313,0
data/ac769eded3f137309c001ae3a6d805ef.png 84,69,328,231,0
data/ac8c957115012f005c1cfa0a1c2b1ba2.png 45,68,245,182,0
data/ad053ba3bed7a45429deff701b435355.png 65,100,251,219,0
data/ad120395ea9bbb374584871293eb0896.png 65,132,312,288,0
data/ad1738dfe592bca4ab1b6dcb313a8058.png 50,100,238,206,0
data/ae604f30f20a3e5c66d8318fdfb34844.png 85,81,280,189,0
data/ae74692e3a66f2211e611207790e4398.png 36,102,218,195,0
data/ae861385d38d21bfa3c57d6fe796f363.png 71,95,330,269,0
data/aed55c15fa88dd11247bcb60c6cbfed7.png 35,63,190,140,0
data/af24fd57b0b68033815ad1ded604b0bb.png 64,91,313,234,0
data/af3486a844aa58a6d46d6b7bbc18e7d3.png 56,61,190,151,0
data/af95b3e80af8e4fd8999575eca143520.png 88,69,322,240,0
data/afad33d77f0e4c4e5dd1b806d83e1ecd.png 81,126,273,234,0
data/afe1ffd5bf692f9afe0ca498767c5c01.png 35,88,266,210,0
data/afe824d4a8b5ab9fc071a77cc851a3e2.png 49,115,277,264,0
data/b0064b2df34684580cbd6c70bbc89489.png 55,116,320,292,0
data/b015df5bc8f6b6fd7e3cde186258d21f.png 53,63,232,209,0
data/b06df6b626d3064903c801c1fb384cc0.png 67,82,200,176,0
data/b070ebf23a53b42c20f799e85ed7caf0.png 54,109,244,267,0
data/b0b29f76bb820abc1509a6ab039f8dc0.png 33,98,238,269,0
data/b0c2d1e80d610619cc2a68408398bbe7.png 38,68,216,183,0
data/b1073eb0fb5cd9e44b6343d7f426a347.png 64,82,244,236,0
data/b11f7de8173959a4e8ae8621babc5a8e.png 41,83,213,204,0
data/b12f58d4c405ed2907941852304c7577.png 53,159,253,275,0
data/b135f87ef196157feb358049103824f7.png 48,74,193,163,0
data/b175ad2443c7da90f79e0d6c86a16ca7.png 64,115,262,213,0
data/b1d0d9144637ca452fd1e3826574d9c3.png 72,124,299,272,0
data/b1d6f6928252a03309de72d34b850ff3.png 39,106,268,277,0
data/b1e16416fe019efc9a8b93861fb383c5.png 90,174,280,322,0
data/b2171365ffd75bd002130a78be43ca4f.png 63,87,224,212,0
data/b229893f6edc51a061aab815f7d6e829.png 68,74,239,179,0
data/b22fccf24ebd2205674f53f96319e66e.png 28,97,245,194,0
data/b251e2747704f864312d1dc3fc807872.png 36,94,227,228,0
data/b2afbb9d31f68cabf3d3488ef25b68f0.png 54,46,264,199,0
data/b35db2d096b0ca5d44f75b520760139f.png 61,143,264,268,0
data/b369a800f1e4f728151ce8c7c6eb2e2a.png 41,95,256,217,0
data/b3b5768ea2ee67a85c20cc6d059b1b41.png 88,95,279,229,0
data/b3df774f579c71dd3330efe1721ebf3a.png 51,60,262,206,0
data/b3eced7b2f9d595225b73c7668a793cc.png 50,98,190,218,0
data/b4075db076a32151fd73a36e48c90aa9.png 43,77,258,205,0
data/b45e8cf2143489b60bbf4845cc615c9f.png 58,63,219,199,0
data/b467f3f9c5e2d85f9fb6395e607e6d4c.png 64,115,245,248,0
data/b4d771cb60f097956e44a2d303b4835c.png 123,56,267,193,0
data/b4fd01a9884d27cc3b8eaafe7b1489f9.png 100,98,303,218,0
data/b55903fea4e6630344440c4a3253ed7a.png 74,80,255,227,0
data/b586e2412036a50b3d0224585dcdb588.png 126,112,256,224,0
data/b591d85aae6292f4b2e2e9373990b94a.png 48,138,225,278,0
data/b5ae8f2eb8138d2b0294b5d44788f048.png 49,63,225,168,0
data/b5bade4c76bb457bbdff8a65033f838b.png 81,67,241,159,0
data/b5d1a24813fad22dd11475932f1ed353.png 46,92,234,209,0
data/b5f91c8125a91cffe3388c6776ac3b1a.png 76,107,287,281,0
data/b6007b1ec921f832cd9bc312dd763cbe.png 61,59,242,166,0
data/b60936aeedc1121af54902d708335182.png 66,81,289,208,0
data/b64df2c33499cad9436f157e989ee36d.png 57,89,238,230,0
data/b669ed5809763682e006fed3debce180.png 66,81,264,221,0
data/b6a36522f5a96bb26529b63812a90509.png 80,93,284,223,0
data/b6b2cf0bc5f24b911677737c68c2c7c3.png 43,131,315,290,0
data/b6c7d9d5ae2f57ffacb3815be18589de.png 57,87,218,174,0
data/b72601fc1bd43dfcf28e6462c38de072.png 95,77,297,232,0
data/b7c6d7c7b912fdf67380109a9a13778d.png 59,97,215,205,0
data/b83bb04ccba50f14d4b321f69a40003f.png 44,90,258,192,0
data/b8729a5742fde2ef71a46a9fbb85750d.png 72,103,225,229,0
data/b886c7f8b727a32c2261e023687d31a6.png 69,88,324,268,0
data/b8c295c38d0082c89dedbb5ae194890f.png 52,89,198,154,0
data/b8da111f8ed8b2e84bc58f2a125d27f4.png 75,61,207,130,0
data/b9275b7dda2b7b8ba96b8587e6c585f2.png 72,106,312,261,0
data/b968608b7cd100a3ff1731bc6e08ec5d.png 77,95,271,229,0
data/b96bcd7dbb46eadf8a1da812bb8e6fa8.png 105,111,301,250,0
data/b97497da3ac540990d011eadf60cf457.png 100,78,341,237,0
data/b9fac7a86a88eaadb34ed0ce488b3f76.png 54,75,227,175,0
data/ba16c50c804c4767e8fbd8226ba4d2e5.png 51,104,236,206,0
data/ba33de10fed9c68aa7f7549b1204126f.png 62,93,315,255,0
data/ba4cbacc46bf14680d74f015138c1c28.png 83,69,308,195,0
data/bac28cfb3d483befaf70fa07095c35ee.png 41,115,315,267,0
data/bb19324e612628f8ca1168178d6b95a6.png 54,105,322,256,0
data/bb8d0c1fe0e21b1b9aa8e5ae98729397.png 87,80,348,234,0
data/bbc50e6d8efad8741c53f9a10dbf9d3f.png 31,115,201,215,0
data/bbc71f7c58328fb0eebe8ab59409ef29.png 28,113,224,221,0
data/bbece53d0aaec8b0d993d470d8835d80.png 30,59,269,178,0
data/bc29b90d64ad481a25ca993df541e715.png 96,122,298,229,0
data/bc3ecbc0f5c0ec7a53e18cac4b17a912.png 93,77,302,188,0
data/bc87c0d2a9a1c169e3580acae2d06d74.png 67,80,266,187,0
data/bcf8f3df6d4738f0baf596c2238a1f5d.png 67,42,233,176,0
data/bd17f125cdf3cdf9449f1f85b3551dee.png 75,64,282,172,0
data/bd5da00ed60c82485d8eea8a7d2de55c.png 31,107,344,257,0
data/bde00f897c28eb21ea853455b54acda5.png 81,39,248,210,0
data/bde15a203e1860156cc500585aabc604.png 72,53,251,197,0
data/be04566e48d5a3874c036addd237dedf.png 68,101,235,235,0
data/be0b5be325f84c879b6c8242162bc44c.png 85,126,275,278,0
data/be3764d0b414a78ad63ecdd31c7bed09.png 43,124,219,242,0
data/be828ac6bc1bbad014411bec0bd32d4e.png 47,79,163,160,0
data/bf084efb1526551b5624e421eb5e1e3c.png 65,69,251,218,0
data/bf782c7b688482652ee90732660873bc.png 112,51,365,212,0
data/bfa04d01e9b1970373e9dde1148f1ee2.png 68,89,270,232,0
data/bfc764cfbaf3cb479af68f197552ed86.png 60,59,215,156,0
data/c0292dee4f92250b3ac9436e285a35ae.png 111,101,268,227,0
data/c073784f4d2cca566cc958078bd4e5c1.png 28,73,180,161,0
data/c0f70d05f0612cf140451d20550fd612.png 98,74,294,234,0
data/c1ed60422004dc598048e45803484986.png 33,140,245,265,0
data/c2a0cd2cd081537ea05946149c3daff2.png 44,92,337,279,0
data/c2bb52f1eb9bbae3dafcf1756cbd56ab.png 64,88,221,210,0
data/c3801397eb0fa9556d5700975cfc0777.png 72,95,303,295,0
data/c3c3c1ff81f44a448023b98a96d5e5f6.png 84,86,241,185,0
data/c3d364cc6d33a283c8df7953ee1f0ba8.png 36,136,243,269,0
data/c3f51aea76c403e877b7dcf6334fd0a8.png 56,105,266,222,0
data/c4c6e4b06e7207fba36636a323b33c5c.png 45,109,253,228,0
data/c4d24582dbeec825fb170ec032925c13.png 29,92,244,238,0
data/c526fed30434ff2732c3beb7efc891e0.png 23,72,249,196,0
data/c564b42b7b4b332a151b3c408799df4d.png 76,106,241,225,0
data/c5a65016419d8049da716e39c26d4a4e.png 65,93,253,211,0
data/c5fc994e922819cf4a2b34b869cf550c.png 50,107,234,212,0
data/c6555989b62cd4d136a0b3684381f6e5.png 31,52,237,180,0
data/c6c1a8853c56e1e760f85b02c8c4a931.png 77,51,275,180,0
data/c6dc6ee846bfe4573ca2906cd8bd5ade.png 23,90,201,211,0
data/c71a8f7499a60272fc7adce2e01cff24.png 75,72,360,239,0
data/c7623318882039aba7589dac8d2728d0.png 77,51,264,151,0
data/c76cb8cdf95f6d116bfe0e3933cd307e.png 26,87,250,219,0
data/c7a9c6ceb6040573f6e283120f7a76a2.png 59,73,217,174,0
data/c806ab0fdab3830855652404c931ecf2.png 73,118,316,239,0
data/c90c979c49111afbf293b1f20d884b2f.png 34,86,180,144,0
data/c96902d71df12c291c3a48d4b2f89dde.png 63,90,236,201,0
data/c96d9b280324fa369b25cd5232ecc96b.png 65,124,270,230,0
data/c976e8e7f732bd61c413119899e017ee.png 62,108,244,262,0
data/c97815f48976d64b9a51cac23a36967a.png 58,82,245,222,0
data/c9b59b852e9dd9145bbe3993ac90d56a.png 47,80,244,228,0
data/c9eb04c6f1e4c8d187c104eb7752c42a.png 33,119,236,278,0
data/ca101579d6ac92fed523238060a1c719.png 44,108,279,259,0
data/ca590861569c4252fa04081667a912c2.png 63,104,237,241,0
data/ca795edf3b260f29a5b46f8f2705587f.png 62,79,265,192,0
data/ca9280161e569717560d4a71c3a9d387.png 66,69,237,211,0
data/caa2ff46f41552d81e0f11b95d6539ea.png 49,46,246,205,0
data/cbd349d7a4de1e8a0720f1642273a5be.png 75,108,256,227,0
data/cc732734a1c958185b0c138eb10d51b4.png 42,74,247,206,0
data/cc74be3da38c2c934db16e1567a712b2.png 25,65,228,200,0
data/cca3be78dbbdb534291043b565130834.png 69,125,239,234,0
data/cca8ced80ab296b54a23c345df72af11.png 68,112,339,266,0
data/cd1a46040547579408fe07805af9fe9d.png 50,77,222,232,0
data/cd206cf2aab5710a707f53c3a34118ce.png 59,49,229,174,0
data/cdac0eb0ab4eceb1df132d0a22080d10.png 104,106,368,226,0
data/cdbecea53851f8c05883bca220fbcc4d.png 88,109,288,212,0
data/cf42ebcb86189df0f9b82a13062fb932.png 63,68,258,210,0
data/d07ccbe55c5f58c2ab3542acafc4156a.png 54,140,283,262,0
data/d08642b238a81799f6397e41408ecb2b.png 30,98,246,230,0
data/d0bede80ab8d49324126c87635e78596.png 101,105,274,256,0
data/d0bf59a515d722702871eb5e17a1f189.png 59,93,254,215,0
data/d0ddb484de85244a002606e0f538b943.png 72,79,233,204,0
data/d0fbedd019cac026083eac3ec272ae8c.png 70,90,266,217,0
data/d1498b0fb8ec61b28c8e81f35623d7d0.png 38,130,330,281,0
data/d151e4ccc0f85c629d41bc08270886dc.png 77,89,298,211,0
data/d157fd7641847df5052f5a23d33f2e8a.png 86,76,291,178,0
data/d19905a971e22fa3fe4142c9da68a319.png 35,90,224,219,0
data/d1bd080e9c5ff7c19d6d833bec6d1b95.png 42,92,251,222,0
data/d1f232231418ec721ab088680ed4285b.png 49,87,230,200,0
data/d206979b88546b5ea7c93947b6d8d5a6.png 28,111,214,204,0
data/d217ee6cf8cb06f47a86ad919a632894.png 33,107,206,237,0
data/d2440310b7555bad79a697a067d9dff4.png 52,120,258,258,0
data/d24a7e0a28ecca05a9868c8240761e76.png 81,109,265,264,0
data/d32cf229f3986c2e93b504d17aededd0.png 44,84,191,147,0
data/d3927b6b48416818d86edc5663278aa5.png 33,96,245,230,0
data/d3ade69a24cda89aa98859d4f0524621.png 55,86,230,201,0
data/d3c7aa4912f6bab7e232739b0f18f553.png 50,110,243,222,0
data/d43d38a90e9c6f0d9cbc4fad252ab2a6.png 50,100,210,197,0
data/d44c831ee1298accdb440cc918a3ff00.png 47,88,212,189,0
data/d46bfa27d02f0664a3a80a7d4227cc52.png 78,98,259,208,0
data/d4b49e4e02bce10c07ebee5eb6dcf28c.png 97,119,295,229,0
data/d4f8b514dea9f7055f0c459e3be3e681.png 69,89,214,155,0
data/d5c8929bca7ff6a2a4459b3d44701773.png 87,132,300,257,0
data/d633cfd5ae1f5fc8a13241c85f2f8e7b.png 70,66,324,214,0
data/d6904425fd2609cc75b8734888e614b5.png 43,65,174,130,0
data/d72a7e1df2372dce146e4d37f4331ea5.png 61,84,262,255,0
data/d74f292d76699a2bde9025fa677dc6c9.png 58,97,249,212,0
data/d7763b52491410524f5837debf44f7a7.png 83,105,268,237,0
data/d7e2bf698a3c559f2d1290cf1de8c1b9.png 41,119,315,302,0
data/d8094f7f5e7e79442e2a460aa2b636c8.png 64,89,280,220,0
data/d891547ee53cecb1eb9860479edd1560.png 48,90,235,238,0
data/d8f14eaf6e9a97599e24314e5b053fdf.png 66,102,320,233,0
data/d98a52cb2fdf2f4e92ff5c12c1db8a2c.png 35,98,234,200,0
data/d9e4c6b388441387e0acfe7e2cc7d8db.png 20,126,242,270,0
data/da7e58cca93d6db6bbf77072a7322ac4.png 70,108,281,209,0
data/db73f5dab9d56f05d71542589d9ba3b3.png 52,73,250,178,0
data/dba1d8c7a30c4db561f3e8438fe58ac4.png 62,93,203,202,0
data/dbf5b21a71c2273eb6d1b9ee063c0c47.png 114,118,375,267,0
data/dc798426b749e0be762a6a582fac1710.png 101,82,336,247,0
data/dc7ec80d523c930e54de72ba6121bfbf.png 59,120,263,245,0
data/dcba89be240bcdf8396da247f823e5c5.png 58,98,216,221,0
data/dd1ae94774010ea1c1b1adfbcc833492.png 65,117,252,200,0
data/dd22ff24ef6399eb37abb387e01634c2.png 42,71,245,211,0
data/dd368c4b366af81a88cc775f71222884.png 28,101,280,241,0
data/dd4cd31ea51d2d871038c71058a94be4.png 36,114,323,274,0
data/ddebfd954661e772a58bba2e14d35a78.png 87,99,287,200,0
data/de0e111c4ef625924f362a92d7bd5153.png 40,50,236,172,0
data/de72a9da2d2d6e94c3bd4580e7320d9e.png 89,57,349,232,0
data/de992f5d0af0af84e9d558b503b92fb2.png 47,114,328,288,0
data/decfa10d082cf096d9770bb77b522f74.png 69,128,263,244,0
data/deea55abf5d721b32f773a593aacde80.png 62,79,290,199,0
data/def3424dd5eb1b3bd1d18c0b5605b632.png 44,97,188,191,0
data/df0c46c0d3218324ad65a003f3314c94.png 62,68,236,219,0
data/df200e855f4a88dd87edb6aa52d14a60.png 97,62,332,219,0
data/dfa7be1483c944e252cff6148bd40595.png 39,81,235,207,0
data/dfadafd064ac5ad01a2841550eea71b8.png 56,101,228,204,0
data/e02ffba53a85f2cd36967c041cbf3e17.png 48,95,241,233,0
data/e03007cd1c8fd6db0f2277d94b37d3cb.png 81,109,235,232,0
data/e078e6a1830e8bdfcfce243a740d8bc1.png 73,111,296,251,0
data/e07a01922c445a7d0d37292b43258216.png 77,115,323,291,0
data/e08e8b96ef1bfd832af97a2dffedc54e.png 61,103,284,252,0
data/e0bfce17dd8d16040237d25cb690c416.png 51,76,238,202,0
data/e13ba1ac4f40979252b06249bfc73d77.png 47,93,208,224,0
data/e1a472129816e6b2952ec2a79c62791b.png 61,139,269,291,0
data/e1a8fa4ef5e778af0abb4f084a07513a.png 59,101,337,280,0
data/e1f19d0c2c5444ff5a65b963fe24d6f6.png 56,70,205,221,0
data/e226c85e44b967f17adb7ed67c1dbfee.png 108,70,349,289,0
data/e26e8f5118d4ec5369721842633a30cd.png 61,69,258,169,0
data/e279c4680e993108da8389d5dc4a2475.png 75,70,261,236,0
data/e30c23bbc68f497b86b9e0ce52e2db53.png 117,93,303,216,0
data/e337279e32175aafe8a787d13a9d80d9.png 27,82,164,150,0
data/e339f92ec5ad50aab09029987229c585.png 99,61,307,247,0
data/e34a03b1e55b93229ef49006cee7518f.png 53,64,191,159,0
data/e371cf838e8096155d055132f20361f7.png 83,105,269,211,0
data/e41993a3473c3976714649aaac243b46.png 43,64,173,129,0
data/e474bab12d7365ba6aa659203a93b696.png 64,87,248,190,0
data/e4809c3a4a95cab2b6e76d83b13f94a3.png 56,103,233,208,0
data/e4c05ffb52196d54a458d3e0765ec84f.png 34,98,312,273,0
data/e4efc6be7d9cc2c016e3f739e93d0f51.png 56,78,260,190,0
data/e4fa16ffa5e9e98b398daa170a98a2ea.png 69,89,220,206,0
data/e52336397683002e9e7fc8222e97d802.png 116,116,335,243,0
data/e530f930291f70ce7f43fd3c2adcd720.png 73,67,263,205,0
data/e5713719a95805ebd729d3fb636db9c1.png 97,59,302,201,0
data/e5ca4c3a55c9623b741ce740034b1474.png 97,60,305,193,0
data/e5f2e5ff159d3eb5e812133eb4a0d099.png 108,66,227,184,0
data/e613ee0699acc948a5d8555ac0477d44.png 73,88,296,230,0
data/e648453429078219bd42efb4356833c1.png 85,151,293,291,0
data/e654d9b284a5008111fda65970366a64.png 65,121,284,241,0
data/e6968778d5a25ace479c83d6f58c28b5.png 25,106,218,241,0
data/e774555d8b2b03322ca9e7016b7e545e.png 50,41,261,180,0
data/e8349986c5d4501b808c086b2263aa43.png 117,95,366,281,0
data/e85174aafa2eb64b206722278b36db77.png 37,142,268,267,0
data/e85bfaf205996b375f02479093350988.png 102,31,289,204,0
data/e885cb3c756600e0f3bc9306c7e38094.png 41,76,189,139,0
data/e8c6f9e5d06304e5cba9551f9bedf8e7.png 52,89,239,210,0
data/e8cc0310940041185be24bf5e58a2999.png 61,117,258,240,0
data/e92f3b22c571c5d0a04886f02f64113c.png 71,107,257,212,0
data/e94438589f53a2c884c68e5a9a4ce49a.png 44,84,216,203,0
data/e9453706f04596aed8a3dfeef0dff946.png 54,127,208,245,0
data/e94fc1d672aa36dc1c6e844f7e03baf1.png 83,84,255,203,0
data/e952dbd8a42702a777dd5145ff455c6c.png 117,84,304,219,0
data/e98e7c2916598e44022464ed502908eb.png 52,91,245,221,0
data/e99b2c047211e2d0363d4e3520204407.png 52,75,238,179,0
data/e9f516ce49eb2140b923ca10c5199dc3.png 92,90,275,241,0
data/e9f6f684be919092cb772fc6f2242ad9.png 107,85,343,275,0
data/ead017ce9c235a64aa02c5db74295575.png 62,102,263,233,0
data/eb1b170f5ab67180ff004b4f7b1e7b12.png 63,45,310,227,0
data/eb57c8de75ddfa10cc2f4523195e20e3.png 82,72,278,186,0
data/eb58fe75f83b2064985dc045ad9a4fa3.png 106,76,289,243,0
data/eba292e5149a02defb633dc2fbc929a4.png 49,66,236,189,0
data/ebf04c23753de03b67d5c9befeba24d2.png 18,100,211,218,0
data/ec2844be03a420acfb55af97c055fb98.png 38,132,279,288,0
data/ece1751a03927ffc32014f1c559de39d.png 69,114,266,227,0
data/ecf675241e1158c79cfa21efbc134ffe.png 27,104,222,199,0
data/ecff0756fc3dcd8b1f49b7bf3bcc8d45.png 84,93,286,210,0
data/ed972816568d2a2688a2e95c9afd4b0b.png 42,88,238,201,0
data/ed972c4a24d665eee0c3a06c30bdff77.png 78,147,288,274,0
data/edbab780c4bc709013ee92143e15ef9d.png 104,123,289,252,0
data/ede46bb8e3c73f47576e3d6403b38f06.png 123,90,262,204,0
data/ee25184a2b83083637dc558a6baa7923.png 73,94,271,208,0
data/ee4ea7f95d37b3382c78c8fe5ace9390.png 67,101,264,215,0
data/ee5c701026d6b99cfe2699db485b1e36.png 105,121,266,255,0
data/ee7718cf9e9321f23bc523e6234e9dc0.png 100,88,209,191,0
data/ee7a97f2d908010d328334dc10a989ed.png 77,103,296,285,0
data/ee8fc474fda52ed99e4b1be299324539.png 43,83,208,180,0
data/eebc2c9683f7509db20e3aabcd7bf4c6.png 41,93,231,194,0
data/eef3be3f8d597a94d2e42c3ffc03e137.png 46,114,238,223,0
data/ef03d21e2d2704675ee3212a1fdc706b.png 110,77,316,237,0
data/ef94221c8827db046cd676d75244dc05.png 75,66,284,227,0
data/efa3ec33838a3b080dd4cbf7d5a85d2f.png 117,67,319,226,0
data/efbad72d8951cfc9538c97eb50137b52.png 56,106,246,186,0
data/f0add191bee851a87edb7747df34a4cc.png 99,40,275,150,0
data/f13e7b2c6e02fce77491c6ea7869aa6e.png 75,79,246,213,0
data/f14bd3e8397a99c27bb219b0ce5964e7.png 54,99,224,207,0
data/f176bf1512875f9e83fac38e647b1f42.png 64,59,284,162,0
data/f17e83143385175aa4bf77ac262d9fe9.png 45,118,221,250,0
data/f1db36769d95fa4a5efd3e6662c70cd4.png 33,106,227,227,0
data/f22a5239fbf880debc293a76bd2b37ca.png 80,76,196,143,0
data/f22e049aade8c72d87e7105d9f624524.png 65,71,242,185,0
data/f2b9ead74a0f29e8ab777fb1247db92f.png 48,106,251,205,0
data/f2c1016abf016f84ade9c2bb56ae2520.png 61,86,262,199,0
data/f3327f80220b0d8bbf3e1f47c23bfeff.png 63,91,249,225,0
data/f33cfff4e4a1a846f0bd4c1d650af7b8.png 48,100,273,268,0
data/f35898619bae36af19d40b86d9cdd017.png 65,127,275,245,0
data/f39df67f23c479d2776451a4e2520047.png 49,82,170,164,0
data/f3c31837abae9aaf4e809ae31a30ec76.png 87,90,288,236,0
data/f3f1c472f64645b82c9301212cadc0ea.png 67,100,317,273,0
data/f409f441886ef99304064b674dc267a9.png 63,105,251,222,0
data/f429deda3ebf0dfbcc2f4845e79737c5.png 46,82,170,169,0
data/f42fba6535337255b55d6a83b477b940.png 47,89,261,223,0
data/f459effd0d46453fb976c5502214cc6f.png 78,114,256,267,0
data/f46fc050025db9773520b19d3c63c6cb.png 39,104,195,177,0
data/f4a8e70fe5136251ee70d8a42ea72272.png 68,100,312,270,0
data/f517172f7558b36d4486130a29e18bfd.png 87,110,194,238,0
data/f51ae1a7240a0acbf51407bd9d914d63.png 50,130,238,229,0
data/f558c554b679d16d8285a6fd31676ece.png 55,101,261,227,0
data/f56991138a4620054fc37bdec2f9fa0a.png 68,101,345,247,0
data/f570d6912bfa92185462648b5b6ac101.png 73,79,284,209,0
data/f596c90200febf382116ba505ab4877d.png 60,117,354,286,0
data/f5de731ba53ed2fd42fadf58be8dd47e.png 48,131,315,270,0
data/f5f9956de7100a599a45a842c1ddf891.png 98,95,291,217,0
data/f5f9d72645e6f4126326879ba4892c44.png 104,106,260,234,0
data/f5feb26b05e869777617d97e597f1d4c.png 49,79,204,175,0
data/f6008e179a042a83aee1b67bf263e583.png 66,108,297,230,0
data/f635df218e1e62aaa9d62382860b3406.png 48,77,189,208,0
data/f6723955d62d499771b45d5776a25971.png 87,99,295,218,0
data/f69141f84768fe0690425a84453c505d.png 34,70,235,214,0
data/f718c4a4c88c0a761689408564909add.png 69,74,246,184,0
data/f71e9c9e5b0a71d987bfeb048382cecf.png 46,72,194,181,0
data/f75f4aef53299ccddc4272c6964291c0.png 71,85,324,289,0
data/f8426f6c5397382d0e948a0a43c23784.png 38,74,218,177,0
data/f84b594daf2ee7c275e440ebf6fb6b81.png 30,98,186,172,0
data/f8888ccd112675c59c2a5227527d685a.png 69,99,255,227,0
data/f888adeed1d246021a68864f1521c11e.png 36,90,174,176,0
data/f891e94a30b7668f57ca6a361282cfd8.png 55,88,258,203,0
data/f8f19c0218ee2f8e90bb0fdaa72ad810.png 32,88,226,201,0
data/f8fabc5a0e48127703582e79b5ba50f7.png 46,80,190,183,0
data/f91518010d4bd9ba85d99fc0dc0a85f4.png 67,97,243,212,0
data/f95220cc5830c10ae3a9f26ba3622d45.png 30,106,232,213,0
data/f97902494c13f294f358df975ecced46.png 62,83,264,191,0
data/fa11e21b09dba6aa6ea5fe1edbbb66f2.png 67,97,239,230,0
data/fa3c0dc79be7581a78eb07186d3e17a0.png 80,119,295,290,0
data/fa4dee4da7c99aee83dea8d8adc86f84.png 44,127,190,242,0
data/fa96080890b32f435dab626b3c1f689c.png 86,98,357,256,0
data/faf6814fb569b148733f8e51dbfa2546.png 112,105,290,264,0
data/fb27aa5a91b3c95183a24c5bd84ab53b.png 85,96,274,228,0
data/fb624913481275148d1132b19fbd82d1.png 89,107,323,247,0
data/fb7920097ccc0069abfc8e7ab64ca3d2.png 36,115,229,249,0
data/fb84a7391e95e001436a30d4b7b6f833.png 82,98,257,202,0
data/fbfdaf8f4e910a7db32de8fdef092561.png 47,94,219,197,0
data/fc5e22344e370ed6865e94ea3733b423.png 98,128,304,235,0
data/fd4503e484354635dbcdc22fc6e30e1c.png 63,84,304,266,0
data/fd853fd875ba70396443258b5780b26f.png 22,101,224,238,0
data/fd8fc0046a7afad27ca1824026015a83.png 84,80,287,215,0
data/fdb5065bfa2c6db75108056aba1181a3.png 30,98,258,246,0
data/fdc3fee16bd9fe956969b53d5885c5a9.png 53,77,210,174,0
data/fe48110636cf7eb714cb55fff3898c2c.png 45,84,244,212,0
data/fe9b0f17525024dcc24a082c922a25a0.png 41,108,228,240,0
data/feb662f0280d1c677926b3bce6abf995.png 92,95,270,192,0
data/fecf7226a27611e6cec14c49ce5c19a6.png 40,58,199,158,0
data/fef6e083247c796f69951b317a28644a.png 83,74,328,257,0
data/fefcb1281348c9b0a22c002bd4e1efcd.png 73,74,244,208,0
data/ff8ebc5e7acecc714400b122df7701d4.png 37,88,240,214,0
data/ffff871f35a6fd181acf3fb12748212d.png 84,86,251,210,0
data/006b40567a03e9432740d783ecec4f27.png 32,77,206,196,0
data/00af3ce46876b92b7f0989b3f586a713.png 48,87,235,199,0
data/00d9cd4e50de576ea8b3a0bbef14d884.png 47,97,221,210,0
data/00f0ddcf86d2619743f439ee7627e5b6.png 44,91,173,149,0
data/013a30506ee9590bc73f72b7956a809f.png 64,109,237,250,0
data/01e278be2a70b02c618a385ad44ae777.png 73,163,273,266,0
data/01e582fe2ee36f3138e0c70d35d2631b.png 63,65,226,167,0
data/021ebf64203eb833f0a64c69e2b9ea15.png 80,108,306,237,0
data/024d186b85e1d20e45e631c842f8183e.png 46,68,250,194,0
data/024f0595adef6aba329c1cb3ac4c594e.png 41,128,298,297,0
data/02502821b7b647925b7913a90ab2e2a0.png 91,113,309,232,0
data/027050e563c5856c503ab87857d66283.png 68,98,268,220,0
data/0274083be5525d262d9b9e4ce6f3c142.png 42,123,322,286,0
data/03099734236b6daa240f4af279ff0aa0.png 61,88,244,218,0
data/033c7934ffe33471099888e5d790b9c9.png 55,89,228,187,0
data/03bfde45b69a8af1a76427edb441a4b7.png 46,118,269,261,0
data/03cabd0e170fcd75af1e8f79d7621a4d.png 78,76,352,224,0
data/03edf883479d2f87ac74948b9d5bebbf.png 71,114,256,244,0
data/03fcc21b1e218b4e4570ad22883aef13.png 41,117,253,237,0
data/04594e14513237d5856e75795f7b0eff.png 16,122,250,252,0
data/04b0d5c0c82f75facc35a5c14d250f6c.png 59,94,267,188,0
data/04b8ef8bedaebc8e2c0eb753a753f178.png 46,109,223,233,0
data/04c0e69b8110c33665c6b2f1293c4109.png 47,119,286,262,0
data/0511829e1bea13a12e7a2cadad553b73.png 57,92,225,204,0
data/05226adc347ec98ccce02e15b00d1936.png 37,97,325,253,0
data/055dc0840ed9ca93a16c5ef70c61d244.png 61,102,251,208,0
data/05f5ff138df2528920a7be2a70970b8e.png 62,126,293,239,0
data/0675ba177f9ed832a884ed0943a3c5df.png 49,77,246,215,0
data/06ab60182eee8b2ddbfbfee0b3591f25.png 87,78,359,270,0
data/06adf6b603f18e51963706695a71717e.png 74,54,243,183,0
data/06afa2ddad2971d3c035414b7ecc0755.png 81,102,291,222,0
data/06d514576f9d540fc302cf7e52c05df7.png 71,49,318,168,0
data/079bedd6a83c744209fe9f9bd807d578.png 43,114,254,256,0
data/07b3e5e04b74168bf80476baaefe5cf1.png 31,76,281,233,0
data/0819075dde026a4f03fa9450829817a5.png 34,78,233,202,0
data/08319ea88883a446880df4a98e6476df.png 43,97,234,232,0
data/0866fd7ff2ae310f273ae2ba5318361a.png 90,56,281,188,0
data/08852bafdb92964555e06992171e432b.png 63,111,290,264,0
data/09cf06b69e1ae422ff90a475d16baa80.png 45,66,236,210,0
data/0a6380dceee5f78c483be60572aa65fb.png 79,83,280,195,0
data/0c033436c9c70b5f6d2485470d3ed270.png 95,75,343,254,0
data/0cc691c804594ad74102123deb3fdc26.png 56,87,336,246,0
data/0cd3f2a26051f629249e591dbf1be1fb.png 56,105,251,224,0
data/0d5d26fc4ba217ba69aff5bf8eac9b3d.png 62,115,345,278,0
data/0db539ce5d37060d2acd9b8512af23a8.png 69,68,251,198,0
data/0e40194a5233f15132b53471404e71b0.png 88,111,364,265,0
data/0e7116ec4d56af10a1b40e8e7edca2a0.png 49,93,242,216,0
data/0efad811b3a74f56a5479e2fc1c468c7.png 63,99,265,214,0
data/0f892e3c96a4dcf0997eb706baa41f87.png 50,43,228,171,0
data/1035cdc9a36f0844788620863c91c37b.png 27,94,246,237,0
data/1067d5e5a7e52f60dbf348ad0c426ac4.png 86,79,309,210,0
data/10c9d2096a259cf91d0d2e9dbf2b54d2.png 77,108,250,218,0
data/10cf1d813ba53ffd2bdc9143ab96888e.png 49,112,245,222,0
data/111413b5ccc8d89de7497d86163a175b.png 35,115,266,276,0
data/1141e75d4cb887a750a0d460c26a4316.png 90,56,349,224,0
data/11c3718882d10aacd51d360d0ce8fb08.png 58,69,234,212,0
data/11fd62bc501298a9e59ce49bbd89bb5c.png 44,111,243,234,0
data/121b4c22f6fe4d2387c25e24d80d81fd.png 61,138,281,273,0
data/12e62c7cf0c0e62c2863967c8a61d86c.png 21,100,249,265,0
data/13029024752f691bb05287e2b058feef.png 35,106,249,234,0
data/1315ae3d781543b46db014917d5eafd7.png 24,116,227,214,0
data/13f27d6e42b11b41d218c1bedda4afec.png 73,104,256,209,0
data/14256ba9e94be5502298f0c1fb7c3099.png 33,114,218,222,0
data/1449b4362745cf515e3174ec9590e411.png 95,54,306,229,0
data/1492e07127b16b46a4ed48634f949ac5.png 62,89,270,214,0
data/1527ed43779f8dbdcb86fe219fbdce48.png 40,86,254,219,0
data/16c33397234e97583d0f552dc74627a8.png 45,89,248,217,0
data/16fd73f45363febbbb6ca980d512d103.png 56,80,266,212,0
data/172409f6cabc3b84fba94eb6c0a29198.png 39,54,247,165,0
data/172c4a6b85979743ace527d8b915d3ca.png 53,106,276,253,0
data/176454379521a42d4e074c0bb7348abf.png 24,78,226,189,0
data/17ee5cd0f413f9d18c5545443a175339.png 34,118,222,228,0
data/17f9b18b301b8d85d34245d4878ff9c0.png 44,124,318,287,0
data/180d161be4c98a61660665636f833bb9.png 62,114,270,242,0
data/18234e816055279a9410919137b8c43a.png 60,98,289,226,0
data/18ec6eb50087bdd8983905df5192e275.png 69,86,356,234,0
data/18fd06909425ae745a877410205b7fed.png 85,123,271,248,0
data/190517527cb453dff9b76d7bf3859a03.png 48,78,249,204,0
data/19f36212ddcccbd6a46ed4195379763a.png 67,85,251,206,0
data/1a0a39a8530c35c28fec8da812cdada5.png 55,112,245,219,0
data/1a4d723d7ee1235703e56e40dac8b722.png 43,76,248,194,0
data/1a58d62458ab37949e60a30aae695c2a.png 116,93,337,211,0
data/1a7f2d8f61bd221437a5753104bc51f8.png 63,138,304,260,0
data/1ad2f352affd5c39ae431f174aadee50.png 44,117,214,235,0
data/1af7e7f8059faf121e2be6de3731743d.png 51,84,270,207,0
data/1b10272e9fc1955f5d0f0eb7be2eb0e9.png 40,90,243,211,0
data/1b43c7791c2c61ab01b2e8f2f139fdf2.png 46,60,251,222,0
data/1b841dc38437ec4668936b26b5f1254d.png 33,117,232,227,0
data/1ba689860ca474ae0106125b9dc4c5ce.png 37,116,238,252,0
data/1baea68c2957c9c8b798126e63f9ae5b.png 67,75,244,195,0
data/1be40cab8281ea0267c01d62cd075718.png 57,98,260,210,0
data/1bfaa219db47b6c096ff2f1bdd1b44d7.png 65,128,357,320,0
data/1c3544c67bfb030de9484bfe69374eb3.png 38,60,231,186,0
data/1c38b5268bc1df23b2c97ee1a908c5bf.png 65,66,246,186,0
data/1cb744cc26b09be82e67bd9680ee18b5.png 50,83,233,192,0
data/1ce7d7a008515e46f52b3e68014a41ff.png 59,88,196,209,0
data/1d31b5f2c6df0a75d01fd8ad4881ebae.png 35,102,217,195,0
data/1d33094839a4724d40ebf15c0d039845.png 98,50,321,193,0
data/1d596cfc63d352d5cfc593bc7253ec72.png 61,95,243,208,0
data/1dae291be12a3858e684e1c4cb3563dd.png 58,71,295,195,0
